106
105
93
92
91
90
89
77
76
75
74
104
61
60
59
118
88
45
44
58
29
28
43
13
12
27
103
73
26
42
87
11
41
57
10
25
56
72
24
40
71
9
39
55
8
23
54
70
22
38
86
7
101
102
6
85
37
21
69
53
20
5
52
36
4
68
35
19
67
51
18
3
50
34
2
84
33
17
83
117
16
1
49
0
15
14
32
31
30
66
100
48
47
46
99
65
64
63
62
82
81
80
79
78
98
97
96
95
94
114
113
112
111
110
115
116
132
131
126
127
128
129
130
142
143
144
145
146
158
159
160
161
162
174
175
176
177
147
190
191
192
133
163
206
207
193
222
223
208
238
239
224
148
178
225
209
164
240
210
194
241
226
195
179
227
211
180
242
212
196
243
228
197
181
229
213
165
244
150
149
245
166
214
230
182
198
231
246
199
215
247
183
216
232
184
200
233
248
201
217
249
167
218
234
168
134
235
250
202
251
237
236
220
219
185
221
203
151
205
204
186
152
188
187
169
189
171
170
173
172
154
153
156
155
137
157
139
138
141
140
135
136
120
119
124
125
122
123
109
121
107
108